0.000 5.800 3.360 2.720
2.000 5.800 3.360 2.720
4.000 5.800 3.360 2.720
6.000 5.800 3.360 2.720
8.000 5.800 3.360 2.720
10.000 5.800 3.360 2.720
12.000 5.800 3.360 2.720
14.000 5.800 3.360 2.720
16.000 5.800 3.360 2.720
18.000 5.800 3.360 2.720
20.000 6.500 3.750 2.920
22.000 6.500 3.750 2.920
24.000 6.500 3.750 2.920
26.000 6.500 3.750 2.920
28.000 6.500 3.750 2.920
30.000 6.500 3.750 2.920
32.000 6.500 3.750 2.920
34.000 6.500 3.750 2.920
36.000 8.040 4.471 3.321
38.000 8.040 4.471 3.322
40.000 8.041 4.472 3.323
42.000 8.041 4.473 3.324
44.000 8.041 4.473 3.326
46.000 8.041 4.474 3.327
48.000 8.042 4.475 3.328
50.000 8.042 4.475 3.329
52.000 8.042 4.476 3.330
54.000 8.042 4.477 3.332
56.000 8.043 4.478 3.333
58.000 8.043 4.478 3.334
60.000 8.043 4.479 3.335
62.000 8.043 4.480 3.336
64.000 8.043 4.480 3.338
66.000 8.044 4.481 3.339
68.000 8.044 4.482 3.340
70.000 8.044 4.483 3.341
72.000 8.044 4.483 3.342
74.000 8.045 4.484 3.344
76.000 8.045 4.485 3.345
78.000 8.045 4.485 3.346
80.000 8.045 4.486 3.347
82.000 8.046 4.487 3.349
84.000 8.046 4.487 3.350
86.000 8.046 4.488 3.351
88.000 8.046 4.489 3.352
90.000 8.047 4.490 3.353
92.000 8.047 4.490 3.355
94.000 8.047 4.491 3.356
96.000 8.047 4.492 3.357
98.000 8.047 4.492 3.358
100.000 8.048 4.493 3.359
102.000 8.048 4.494 3.361
104.000 8.048 4.495 3.362
106.000 8.048 4.495 3.363
108.000 8.049 4.496 3.364
110.000 8.049 4.497 3.366
112.000 8.049 4.497 3.367
114.000 8.049 4.498 3.368
116.000 8.050 4.499 3.369
118.000 8.050 4.499 3.370
120.000 8.051 4.500 3.372
122.000 8.057 4.501 3.373
124.000 8.063 4.501 3.374
126.000 8.068 4.501 3.375
128.000 8.074 4.502 3.376
130.000 8.079 4.502 3.378
132.000 8.085 4.503 3.379
134.000 8.090 4.503 3.380
136.000 8.096 4.503 3.381
138.000 8.101 4.504 3.382
140.000 8.107 4.504 3.384
142.000 8.113 4.505 3.385
144.000 8.118 4.505 3.386
146.000 8.124 4.505 3.387
148.000 8.129 4.506 3.389
150.000 8.135 4.506 3.390
152.000 8.140 4.507 3.391
154.000 8.146 4.507 3.392
156.000 8.151 4.507 3.393
158.000 8.157 4.508 3.395
160.000 8.163 4.508 3.396
162.000 8.168 4.509 3.397
164.000 8.174 4.509 3.398
166.000 8.179 4.509 3.399
168.000 8.185 4.510 3.401
170.000 8.190 4.510 3.402
172.000 8.196 4.511 3.403
174.000 8.201 4.511 3.404
176.000 8.207 4.511 3.405
178.000 8.213 4.512 3.407
180.000 8.218 4.512 3.408
182.000 8.224 4.513 3.409
184.000 8.229 4.513 3.410
186.000 8.235 4.513 3.412
188.000 8.240 4.514 3.413
190.000 8.246 4.514 3.414
192.000 8.251 4.515 3.415
194.000 8.257 4.515 3.416
196.000 8.263 4.515 3.418
198.000 8.268 4.516 3.419
200.000 8.274 4.516 3.420
202.000 8.279 4.517 3.421
204.000 8.285 4.517 3.422
206.000 8.290 4.517 3.424
208.000 8.296 4.518 3.425
210.000 8.302 4.523 3.426
212.000 8.309 4.526 3.427
214.000 8.316 4.530 3.429
216.000 8.324 4.533 3.430
218.000 8.331 4.537 3.431
220.000 8.338 4.540 3.432
222.000 8.346 4.544 3.433
224.000 8.353 4.547 3.435
226.000 8.360 4.551 3.436
228.000 8.368 4.554 3.437
230.000 8.375 4.558 3.438
232.000 8.382 4.561 3.439
234.000 8.389 4.565 3.441
236.000 8.397 4.568 3.442
238.000 8.404 4.572 3.443
240.000 8.411 4.575 3.444
242.000 8.419 4.579 3.445
244.000 8.426 4.582 3.447
246.000 8.433 4.586 3.448
248.000 8.441 4.589 3.449
250.000 8.448 4.592 3.450
252.000 8.455 4.596 3.452
254.000 8.462 4.599 3.453
256.000 8.470 4.603 3.454
258.000 8.477 4.606 3.455
260.000 8.484 4.610 3.456
262.000 8.492 4.613 3.458
264.000 8.499 4.617 3.459
266.000 8.506 4.620 3.460
268.000 8.514 4.624 3.461
270.000 8.521 4.627 3.462
272.000 8.528 4.631 3.464
274.000 8.535 4.634 3.465
276.000 8.543 4.638 3.466
278.000 8.550 4.641 3.467
280.000 8.557 4.645 3.469
282.000 8.565 4.648 3.470
284.000 8.572 4.652 3.471
286.000 8.579 4.655 3.472
288.000 8.587 4.659 3.473
290.000 8.594 4.662 3.475
292.000 8.601 4.666 3.476
294.000 8.608 4.669 3.477
296.000 8.616 4.673 3.478
298.000 8.623 4.676 3.479
300.000 8.630 4.679 3.481
302.000 8.638 4.683 3.482
304.000 8.645 4.686 3.483
306.000 8.652 4.690 3.484
308.000 8.660 4.693 3.485
310.000 8.667 4.697 3.487
312.000 8.674 4.700 3.488
314.000 8.681 4.704 3.489
316.000 8.689 4.707 3.490
318.000 8.696 4.711 3.492
320.000 8.703 4.714 3.493
322.000 8.711 4.718 3.494
324.000 8.718 4.721 3.495
326.000 8.725 4.725 3.496
328.000 8.733 4.728 3.498
330.000 8.740 4.732 3.499
332.000 8.747 4.735 3.500
334.000 8.754 4.739 3.501
336.000 8.762 4.742 3.502
338.000 8.769 4.746 3.504
340.000 8.776 4.749 3.505
342.000 8.784 4.753 3.506
344.000 8.791 4.756 3.507
346.000 8.798 4.760 3.508
348.000 8.806 4.763 3.510
350.000 8.813 4.766 3.511
352.000 8.820 4.770 3.512
354.000 8.827 4.773 3.513
356.000 8.835 4.777 3.515
358.000 8.842 4.780 3.516
360.000 8.849 4.784 3.517
362.000 8.857 4.787 3.518
364.000 8.864 4.791 3.519
366.000 8.871 4.794 3.521
368.000 8.879 4.798 3.522
370.000 8.886 4.801 3.523
372.000 8.893 4.805 3.524
374.000 8.900 4.808 3.525
376.000 8.908 4.812 3.527
378.000 8.915 4.815 3.528
380.000 8.922 4.819 3.529
382.000 8.930 4.822 3.530
384.000 8.937 4.826 3.532
386.000 8.944 4.829 3.533
388.000 8.952 4.833 3.534
390.000 8.959 4.836 3.535
392.000 8.966 4.840 3.536
394.000 8.973 4.843 3.538
396.000 8.981 4.847 3.539
398.000 8.988 4.850 3.540
400.000 8.995 4.853 3.541
402.000 9.003 4.857 3.542
404.000 9.010 4.860 3.544
406.000 9.017 4.864 3.545
408.000 9.025 4.867 3.546
410.000 9.362 5.071 3.756
412.000 9.368 5.075 3.759
414.000 9.375 5.080 3.761
416.000 9.382 5.084 3.764
418.000 9.389 5.088 3.766
420.000 9.395 5.092 3.769
422.000 9.402 5.096 3.771
424.000 9.409 5.101 3.774
426.000 9.415 5.105 3.776
428.000 9.422 5.109 3.779
430.000 9.429 5.113 3.781
432.000 9.436 5.118 3.784
434.000 9.442 5.122 3.786
436.000 9.449 5.126 3.788
438.000 9.456 5.130 3.791
440.000 9.462 5.135 3.793
442.000 9.469 5.139 3.796
444.000 9.476 5.143 3.798
446.000 9.483 5.147 3.801
448.000 9.489 5.152 3.803
450.000 9.496 5.156 3.806
452.000 9.503 5.160 3.808
454.000 9.510 5.164 3.811
456.000 9.516 5.169 3.813
458.000 9.523 5.173 3.816
460.000 9.530 5.177 3.818
462.000 9.536 5.181 3.821
464.000 9.543 5.186 3.823
466.000 9.550 5.190 3.826
468.000 9.557 5.194 3.828
470.000 9.563 5.198 3.830
472.000 9.570 5.202 3.833
474.000 9.577 5.207 3.835
476.000 9.583 5.211 3.838
478.000 9.590 5.215 3.840
480.000 9.597 5.219 3.843
482.000 9.604 5.224 3.845
484.000 9.610 5.228 3.848
486.000 9.617 5.232 3.850
488.000 9.624 5.236 3.853
490.000 9.630 5.241 3.855
492.000 9.637 5.245 3.858
494.000 9.644 5.249 3.860
496.000 9.651 5.253 3.863
498.000 9.657 5.258 3.865
500.000 9.664 5.262 3.868
502.000 9.671 5.266 3.870
504.000 9.678 5.270 3.872
506.000 9.684 5.275 3.875
508.000 9.691 5.279 3.877
510.000 9.698 5.283 3.880
512.000 9.704 5.287 3.882
514.000 9.711 5.292 3.885
516.000 9.718 5.296 3.887
518.000 9.725 5.300 3.890
520.000 9.731 5.304 3.892
522.000 9.738 5.308 3.895
524.000 9.745 5.313 3.897
526.000 9.751 5.317 3.900
528.000 9.758 5.321 3.902
530.000 9.765 5.325 3.905
532.000 9.772 5.330 3.907
534.000 9.778 5.334 3.910
536.000 9.785 5.338 3.912
538.000 9.792 5.342 3.914
540.000 9.798 5.347 3.917
542.000 9.805 5.351 3.919
544.000 9.812 5.355 3.922
546.000 9.819 5.359 3.924
548.000 9.825 5.364 3.927
550.000 9.832 5.368 3.929
552.000 9.839 5.372 3.932
554.000 9.846 5.376 3.934
556.000 9.852 5.381 3.937
558.000 9.859 5.385 3.939
560.000 9.866 5.389 3.942
562.000 9.872 5.393 3.944
564.000 9.879 5.398 3.947
566.000 9.886 5.402 3.949
568.000 9.893 5.406 3.952
570.000 9.899 5.410 3.954
572.000 9.906 5.414 3.956
574.000 9.913 5.419 3.959
576.000 9.919 5.423 3.961
578.000 9.926 5.427 3.964
580.000 9.933 5.431 3.966
582.000 9.940 5.436 3.969
584.000 9.946 5.440 3.971
586.000 9.953 5.444 3.974
588.000 9.960 5.448 3.976
590.000 9.966 5.453 3.979
592.000 9.973 5.457 3.981
594.000 9.980 5.461 3.984
596.000 9.987 5.465 3.986
598.000 9.993 5.470 3.989
600.000 10.000 5.474 3.991
602.000 10.007 5.478 3.994
604.000 10.014 5.482 3.996
606.000 10.020 5.487 3.998
608.000 10.027 5.491 4.001
610.000 10.034 5.495 4.003
612.000 10.040 5.499 4.006
614.000 10.047 5.504 4.008
616.000 10.054 5.508 4.011
618.000 10.061 5.512 4.013
620.000 10.067 5.516 4.016
622.000 10.074 5.520 4.018
624.000 10.081 5.525 4.021
626.000 10.087 5.529 4.023
628.000 10.094 5.533 4.026
630.000 10.101 5.537 4.028
632.000 10.108 5.542 4.031
634.000 10.114 5.546 4.033
636.000 10.121 5.550 4.036
638.000 10.128 5.554 4.038
640.000 10.134 5.559 4.040
642.000 10.141 5.563 4.043
644.000 10.148 5.567 4.045
646.000 10.155 5.571 4.048
648.000 10.161 5.576 4.050
650.000 10.168 5.580 4.053
652.000 10.175 5.584 4.055
654.000 10.182 5.588 4.058
656.000 10.188 5.593 4.060
658.000 10.195 5.597 4.063
660.000 10.791 5.951 4.372
662.000 10.797 5.956 4.373
664.000 10.802 5.962 4.374
666.000 10.807 5.967 4.375
668.000 10.813 5.972 4.376
670.000 10.818 5.977 4.378
672.000 10.823 5.982 4.379
674.000 10.829 5.988 4.380
676.000 10.834 5.993 4.381
678.000 10.839 5.998 4.382
680.000 10.844 6.003 4.384
682.000 10.850 6.008 4.385
684.000 10.855 6.014 4.386
686.000 10.860 6.019 4.387
688.000 10.866 6.024 4.388
690.000 10.871 6.029 4.389
692.000 10.876 6.034 4.391
694.000 10.882 6.040 4.392
696.000 10.887 6.045 4.393
698.000 10.892 6.050 4.394
700.000 10.898 6.055 4.395
702.000 10.903 6.060 4.397
704.000 10.908 6.065 4.398
706.000 10.914 6.071 4.399
708.000 10.919 6.076 4.400
710.000 10.924 6.081 4.401
712.000 10.930 6.086 4.403
714.000 10.935 6.091 4.404
716.000 10.940 6.097 4.405
718.000 10.945 6.102 4.406
720.000 10.951 6.107 4.407
722.000 10.956 6.112 4.408
724.000 10.961 6.117 4.410
726.000 10.967 6.123 4.411
728.000 10.972 6.128 4.412
730.000 10.977 6.133 4.413
732.000 10.983 6.138 4.414
734.000 10.988 6.143 4.416
736.000 10.993 6.149 4.417
738.000 10.999 6.154 4.418
740.000 11.004 6.159 4.419
742.000 11.009 6.164 4.420
744.000 11.015 6.169 4.421
746.000 11.020 6.174 4.423
748.000 11.025 6.180 4.424
750.000 11.031 6.185 4.425
752.000 11.036 6.190 4.426
754.000 11.041 6.195 4.427
756.000 11.046 6.200 4.428
758.000 11.052 6.206 4.430
760.000 11.057 6.210 4.431
762.000 11.060 6.211 4.432
764.000 11.064 6.213 4.433
766.000 11.068 6.215 4.434
768.000 11.071 6.216 4.436
770.000 11.075 6.218 4.437
772.000 11.078 6.219 4.438
774.000 11.082 6.221 4.439
776.000 11.085 6.222 4.440
778.000 11.089 6.224 4.441
780.000 11.093 6.225 4.443
782.000 11.096 6.227 4.444
784.000 11.100 6.228 4.445
786.000 11.103 6.230 4.446
788.000 11.107 6.231 4.447
790.000 11.110 6.233 4.448
792.000 11.114 6.234 4.450
794.000 11.118 6.236 4.451
796.000 11.121 6.238 4.452
798.000 11.125 6.239 4.453
800.000 11.128 6.241 4.454
802.000 11.132 6.242 4.456
804.000 11.135 6.244 4.457
806.000 11.139 6.245 4.458
808.000 11.142 6.247 4.459
810.000 11.146 6.248 4.460
812.000 11.149 6.250 4.461
814.000 11.153 6.251 4.463
816.000 11.156 6.253 4.464
818.000 11.160 6.254 4.465
820.000 11.163 6.256 4.466
822.000 11.167 6.257 4.467
824.000 11.170 6.259 4.468
826.000 11.174 6.260 4.470
828.000 11.177 6.262 4.471
830.000 11.181 6.263 4.472
832.000 11.184 6.265 4.473
834.000 11.188 6.266 4.474
836.000 11.191 6.268 4.475
838.000 11.195 6.269 4.477
840.000 11.198 6.271 4.478
842.000 11.202 6.272 4.479
844.000 11.205 6.273 4.480
846.000 11.209 6.275 4.481
848.000 11.212 6.276 4.482
850.000 11.215 6.278 4.484
852.000 11.219 6.279 4.485
854.000 11.222 6.281 4.486
856.000 11.226 6.282 4.487
858.000 11.229 6.284 4.488
860.000 11.233 6.285 4.489
862.000 11.236 6.287 4.491
864.000 11.239 6.288 4.492
866.000 11.243 6.290 4.493
868.000 11.246 6.291 4.494
870.000 11.250 6.293 4.495
872.000 11.253 6.294 4.496
874.000 11.257 6.295 4.498
876.000 11.260 6.297 4.499
878.000 11.263 6.298 4.500
880.000 11.267 6.300 4.501
882.000 11.270 6.301 4.502
884.000 11.274 6.303 4.503
886.000 11.277 6.304 4.505
888.000 11.280 6.306 4.506
890.000 11.284 6.307 4.507
892.000 11.287 6.308 4.508
894.000 11.290 6.310 4.509
896.000 11.294 6.311 4.510
898.000 11.297 6.313 4.512
900.000 11.301 6.314 4.513
902.000 11.304 6.316 4.514
904.000 11.307 6.317 4.515
906.000 11.311 6.318 4.516
908.000 11.314 6.320 4.517
910.000 11.317 6.321 4.518
912.000 11.321 6.323 4.520
914.000 11.324 6.324 4.521
916.000 11.327 6.326 4.522
918.000 11.331 6.327 4.523
920.000 11.334 6.328 4.524
922.000 11.337 6.330 4.525
924.000 11.341 6.331 4.527
926.000 11.344 6.333 4.528
928.000 11.347 6.334 4.529
930.000 11.351 6.335 4.530
932.000 11.354 6.337 4.531
934.000 11.357 6.338 4.532
936.000 11.361 6.340 4.534
938.000 11.364 6.341 4.535
940.000 11.367 6.342 4.536
942.000 11.371 6.344 4.537
944.000 11.374 6.345 4.538
946.000 11.377 6.347 4.539
948.000 11.380 6.348 4.540
950.000 11.384 6.349 4.542
952.000 11.387 6.351 4.543
954.000 11.390 6.352 4.544
956.000 11.394 6.354 4.545
958.000 11.397 6.355 4.546
960.000 11.400 6.356 4.547
962.000 11.403 6.358 4.549
964.000 11.407 6.359 4.550
966.000 11.410 6.360 4.551
968.000 11.413 6.362 4.552
970.000 11.416 6.363 4.553
972.000 11.420 6.365 4.554
974.000 11.423 6.366 4.555
976.000 11.426 6.367 4.557
978.000 11.429 6.369 4.558
980.000 11.433 6.370 4.559
982.000 11.436 6.371 4.560
984.000 11.439 6.373 4.561
986.000 11.442 6.374 4.562
988.000 11.446 6.375 4.564
990.000 11.449 6.377 4.565
992.000 11.452 6.378 4.566
994.000 11.455 6.380 4.567
996.000 11.458 6.381 4.568
998.000 11.462 6.382 4.569
1000.000 11.465 6.384 4.570
